37,65,98
37,65,98
36,65,98
37,65,98
37,65,98
37,65,98
37,65,98
37,66,98
36,66,98
37,66,98
37,66,98
37,67,98
37,67,98
37,67,98
37,67,98
36,67,98
37,67,98
37,67,98
37,67,98
37,67,98
37,67,98
36,67,98
37,67,98
37,67,98
37,67,98
37,67,98
37,67,98
37,67,98
37,67,98
37,68,98
37,68,98
37,68,98
37,68,98
37,68,98
37,68,98
37,68,98
37,68,98
37,68,98
37,68,98
37,68,98
37,68,98
37,68,98
37,68,98
37,68,98
37,68,98
37,68,98
37,68,98
37,68,98
37,68,98
38,68,98
37,68,98
37,68,98
37,68,98
37,68,98
37,68,98
37,68,98
37,68,98
37,68,98
37,68,98
37,68,98
37,68,98
37,68,98
37,68,98
37,68,98
37,68,98
37,68,98
37,68,98
37,68,98
37,68,98
37,68,98
37,68,98
37,68,98
37,68,98
37,68,98
37,68,98
37,68,98
37,68,98
37,68,98
37,68,98
37,68,98
37,68,98
37,68,98
37,68,98
37,68,98
37,67,98
37,67,98
37,67,98
37,67,98
37,67,98
37,67,98
37,67,98
37,67,98
37,67,98
37,67,98
37,67,98
37,67,98
37,67,98
37,67,98
37,67,98
37,66,98
37,66,98
37,66,98
37,66,98
37,66,98
37,66,98
37,66,98
37,66,98
37,66,98
37,66,98
37,66,98
37,66,98
37,67,98
37,69,98
37,69,98
37,78,98
37,78,98
37,78,98
37,78,98
37,71,98
37,71
37,71,98
37,71,98
37,70,98
37,70,98
37,70,98
37,70,98
37,70,98
37,70,98
37,70,98
37,70,98
37,70,98
37,70,98
37,70,98
37,70,98
37,70,98
37,70,98
37,70,98
37,70,98
37,70,98
37,70,98
38,70,98
37,70,98
37,70,98
37,70,98
37,70,98
38,70,98
37,70,98
37,70,98
38,70,98
37,70,98
37,70,98
37,70,98
37,70,98
37,66,98
37,66,98
37,65,98
37,65,98
37,64,98
37,64,98
37,69,98
37,69,98
37,69,98
37,69,98
37,60,98
37,60,98
37,60,98
37,60,98
37,60,98
37,60,98
37,60,98
37,60,98
37,60,98
37,60,98
37,60,98
37,60,98
37,60,98
37,60,98
37,69,98
37,69,98
37,69,98
37,69,98
37,69,98
37,69,98
37,64,97
37,64,97
37,64,97
37,64,97
38,65,97
37,65,97
37,66,97
37,67,97
37,67,97
37,67,97
37,67,97
37,67,97
37,67,97
37,67,97
37,67,97
37,67,97
37,67,97
38,67,97
37,67,97
38,67,97
37,67,97
37,67,97
37,67,97
37,67,97
37,67,97
37,67,97
37,67,97
37,67,97
37,67,97
37,67,97
37,67,97
37,67,97
37,67,97
37,67,97
37,67,97
37,67,97
37,67,97
37,67,97
37,67,97
37,67,97
37,67,97
37,67,97
37,67,97
37,67,97
37,67,97
37,67,97
37,67,97
37,67,97
38,67,97
37,67,97
37,67,97
37,67,97
37,67,97
37,67,97
37,67,97
37,66,98
37,66,98
37,66,98
37,66,98
37,66,98
37,66,98
37,66,98
37,66,98
37,66,98
37,66,98
37,66,98
37,66,98
37,66,98
37,66,98
37,66,98
37,66,98
37,66,98
37,66,98
37,66,98
37,66,98
37,66,98
37,66,98
37
37,66,98
37,66,98
37,66,98
36,66,98
37,66,98
37,66,98
37,66,98
38,66,98
37,66,98
38,66,98
37,66,98
37,66,98
38,66,98
37,66,98
37,67,98
37,67,98
38,67,98
37,67,98
37,67,98
37,67,98
38,67,98
37,67,98
37,67,98
38,67,98
38,67,98
37,67,98
37,67,98
37,67,98
38,67,98
38,67,98
38,67,98
38,67,98
37,67,98
38,67,98
38,67,98
38,67,98
38,67,98
37,67,98
38
38,67,98
38,67,98
38,67,98
38,67,98
38,67,98
37,67,98
38,67,98
37,67,98
38,67,98
38,67,98
38,67,98
38,67,98
38,67,98
37,68,98
37,68,98
38,68,98
38,68,98
37,68,98
37,68,98
38,68,98
37,68,98
38,68,98
37,68,98
37,68,98
38,68,98
37,68,98
38,68,98
38,68,98
38,68,98
38,68,98
37,68,98
38,68,98
38,67,98
38,67,98
38,67,98
37,67,98
37
37,68,98
37,68,98
37,67,98
37,67,98
37,67,98
37,67,98
37,67,98
37,66,98
37,66,98
37,66,98
37,66,98
38,66,98
37,66,98
37,66,98
38,66,98
37,66,98
38,66,98
37,66,98
38,66,98
37,66,98
38,0,0
38,0,0
38,0,0
37,0,0
38,0,0
38,0,0
38,0,0
37,0,0
37,0,0
37,0,0
37,0,0
38,0,0
38,0,0
37,0,0
38,0,0
38,0,0
38,0,0
37,0,0
37,0,0
37,0,0
37,0,0
37,0,0
37,0,0
